11111111111111111111111111111111111111111
11111111111111188888888888811111111111111
11111111111118888888888888888111111111111
11111111111888888888888888888881111111111
11111111188888888888888888888888811111111
11111111888888888888888888888888881111111
11111118888888888888888888888888888111111
11111188888888881111111111888888888811111
11111888888888111111111111118888888881111
11118888888811111111111111111188888888111
11118888888118888111111111111118888888111
11188888881188888811111111111111888888811
11188888811888888811111111111111188888811
11888888811888888811111111111111188888881
11888888111188888811111111111111118888881
11888881111118888111111811888811118888881
18888888811111111111888811888811111888888
18888888888888888888888111888811111888888
18888888888888888888888111888111111188888
18888888888888888888888811111111888888888
18888888888888888888888888888888881888888
18888881888888888888888888888888881888888
18888881188888888888118888888888811888888
18888881188888888888118888888888811888888
18888881118888888881111888888888111888888
18888881118888888881111888888888111888888
11888888111888888811111188888881118888881
11888888111888888811111118888881118888881
11888888811188888111111118888811188888881
11188888811188888111111111888811188888811
11188888881118881111111111888111888888811
11118888888111811111111111188118888888111
11118888888811811111111111181188888881111
11111888888888111111111111118888888881111
11111188888888881111111111888888888811111
11111118888888888888888888888888888111111
11111111888888888888888888888888881111111
11111111118888888888888888888888111111111
11111111111888888888888888888881111111111
11111111111118888888888888888111111111111
11111111111111118888888888111111111111111
00000000000000000000000000000000000000000
00000000000000000000000000000000000000000
00000000000000000000000000000000000000000
00000000000000000000000000000000000000000
00000000000000000000000000000000000000000
00000000000000000000000000000000000000000
0000000000000000000000000000000000001947

is a prime, with 1967 digits
